       N       E                     dE             d eps       ncg     rms          rms(c)
DAV:   1    -0.149070420071E+02   -0.14907E+02   -0.13055E-04  2316   0.565E-01    0.716E-03
DAV:   2    -0.149053154715E+02    0.17265E-02   -0.13580E-04  2276   0.589E-01    0.849E-03
DAV:   3    -0.149053137893E+02    0.16822E-05   -0.39450E-06  1900   0.327E-02    0.350E-03
DAV:   4    -0.149053136832E+02    0.10607E-06   -0.33882E-07  1104   0.825E-03
   1 F= -.14905314E+02 E0= -.14905982E+02  d E =0.200568E-02
