       N       E                     dE             d eps       ncg     rms          rms(c)
DAV:   1     0.285964501637E+03    0.28596E+03   -0.24794E-04   608   0.286E-01    0.117E-02
DAV:   2     0.285973075178E+03    0.85735E-02   -0.25553E-04   608   0.287E-01    0.141E-02
DAV:   3     0.285973077282E+03    0.21039E-05   -0.38608E-06   496   0.109E-02    0.868E-03
DAV:   4     0.285973077726E+03    0.44326E-06   -0.27378E-07   300   0.308E-03
   1 F= 0.28597308E+03 E0= 0.28598547E+03  d E =-.371716E-01
