       N       E                     dE             d eps       ncg     rms          rms(c)
DAV:   1    -0.147563543258E+02   -0.14756E+02   -0.13099E-04   656   0.509E-01    0.638E-03
DAV:   2    -0.147546009357E+02    0.17534E-02   -0.13530E-04   642   0.530E-01    0.969E-03
DAV:   3    -0.147545989989E+02    0.19369E-05   -0.37560E-06   492   0.302E-02    0.461E-03
DAV:   4    -0.147545988786E+02    0.12025E-06   -0.30934E-07   300   0.677E-03
   1 F= -.14754599E+02 E0= -.14744771E+02  d E =-.294837E-01
