       N       E                     dE             d eps       ncg     rms          rms(c)
DAV:   1    -0.142976542995E+02   -0.14298E+02   -0.14253E-04  2312   0.627E-01    0.715E-03
DAV:   2    -0.142955309782E+02    0.21233E-02   -0.14728E-04  2288   0.651E-01    0.815E-03
DAV:   3    -0.142955292982E+02    0.16800E-05   -0.35202E-06  1846   0.320E-02    0.375E-03
DAV:   4    -0.142955291871E+02    0.11116E-06   -0.35954E-07  1086   0.825E-03
   1 F= -.14295529E+02 E0= -.14295319E+02  d E =-.630867E-03
