       N       E                     dE             d eps       ncg     rms          rms(c)
DAV:   1    -0.147824894715E+02   -0.14782E+02   -0.12672E-04  2384   0.551E-01    0.810E-03
DAV:   2    -0.147808546808E+02    0.16348E-02   -0.13384E-04  2300   0.575E-01    0.879E-03
DAV:   3    -0.147808528840E+02    0.17968E-05   -0.42159E-06  2038   0.349E-02    0.316E-03
DAV:   4    -0.147808527692E+02    0.11479E-06   -0.40356E-07  1148   0.950E-03
   1 F= -.14780853E+02 E0= -.14781782E+02  d E =0.278900E-02
