       N       E                     dE             d eps       ncg     rms          rms(c)
DAV:   1    -0.106131012890E+02   -0.10613E+02   -0.94723E-05   642   0.309E-01    0.541E-03
DAV:   2    -0.106117641991E+02    0.13371E-02   -0.97635E-05   642   0.321E-01    0.730E-03
DAV:   3    -0.106117630660E+02    0.11331E-05   -0.19083E-06   388   0.164E-02    0.333E-03
DAV:   4    -0.106117629930E+02    0.72973E-07   -0.18166E-07   300   0.372E-03
   1 F= -.10611763E+02 E0= -.10607288E+02  d E =-.134243E-01
