       N       E                     dE             d eps       ncg     rms          rms(c)
DAV:   1    -0.149526056871E+02   -0.14953E+02   -0.13417E-04  2288   0.580E-01    0.606E-03
DAV:   2    -0.149507854499E+02    0.18202E-02   -0.13817E-04  2264   0.603E-01    0.834E-03
DAV:   3    -0.149507838619E+02    0.15880E-05   -0.35914E-06  1756   0.304E-02    0.414E-03
DAV:   4    -0.149507837728E+02    0.89071E-07   -0.33567E-07  1050   0.730E-03
   1 F= -.14950784E+02 E0= -.14951274E+02  d E =0.146976E-02
