       N       E                     dE             d eps       ncg     rms          rms(c)
DAV:   1    -0.148064758855E+02   -0.14806E+02   -0.13216E-04   650   0.527E-01    0.653E-03
DAV:   2    -0.148047057639E+02    0.17701E-02   -0.13699E-04   642   0.550E-01    0.995E-03
DAV:   3    -0.148047037526E+02    0.20112E-05   -0.40012E-06   484   0.324E-02    0.467E-03
DAV:   4    -0.148047036263E+02    0.12632E-06   -0.35687E-07   300   0.746E-03
   1 F= -.14804704E+02 E0= -.14794772E+02  d E =-.297957E-01
