       N       E                     dE             d eps       ncg     rms          rms(c)
DAV:   1    -0.144263103384E+02   -0.14426E+02   -0.12734E-04   252   0.422E-01    0.540E-03
DAV:   2    -0.144246961183E+02    0.16142E-02   -0.13082E-04   258   0.440E-01    0.658E-03
DAV:   3    -0.144246948745E+02    0.12438E-05   -0.28222E-06   176   0.232E-02    0.322E-03
DAV:   4    -0.144246948462E+02    0.28251E-07   -0.19640E-07   120   0.408E-03
   1 F= -.14424695E+02 E0= -.14419605E+02  d E =-.152710E-01
