       N       E                     dE             d eps       ncg     rms          rms(c)
DAV:   1    -0.143704562263E+02   -0.14370E+02   -0.11795E-04  2346   0.520E-01    0.669E-03
DAV:   2    -0.143690105836E+02    0.14456E-02   -0.12292E-04  2298   0.543E-01    0.868E-03
DAV:   3    -0.143690089605E+02    0.16231E-05   -0.39813E-06  1888   0.315E-02    0.359E-03
DAV:   4    -0.143690088528E+02    0.10768E-06   -0.29837E-07  1118   0.772E-03
   1 F= -.14369009E+02 E0= -.14369774E+02  d E =0.229523E-02
