       N       E                     dE             d eps       ncg     rms          rms(c)
DAV:   1    -0.160968345199E+02   -0.16097E+02   -0.56074E-06   904   0.353E-02    0.586E-03
DAV:   2    -0.160966643309E+02    0.17019E-03   -0.61347E-06   944   0.377E-02    0.566E-03
DAV:   3    -0.160966622296E+02    0.21013E-05   -0.56847E-08   600   0.327E-03    0.320E-03
DAV:   4    -0.160966621697E+02    0.59887E-07   -0.14779E-08   600   0.589E-04
   1 F= -.16096662E+02 E0= -.16096455E+02  d E =-.622602E-03
