       N       E                     dE             d eps       ncg     rms          rms(c)
DAV:   1    -0.161050746766E+02   -0.16105E+02   -0.55689E-06   904   0.359E-02    0.590E-03
DAV:   2    -0.161049054419E+02    0.16923E-03   -0.60907E-06   952   0.384E-02    0.576E-03
DAV:   3    -0.161049033997E+02    0.20422E-05   -0.57574E-08   600   0.343E-03    0.324E-03
DAV:   4    -0.161049033460E+02    0.53664E-07   -0.16451E-08   600   0.620E-04
   1 F= -.16104903E+02 E0= -.16104640E+02  d E =-.791109E-03
