       N       E                     dE             d eps       ncg     rms          rms(c)
DAV:   1     0.572784009336E+01    0.57278E+01   -0.40199E-05   636   0.160E-01    0.311E-03
DAV:   2     0.572846169561E+01    0.62160E-03   -0.41433E-05   642   0.166E-01    0.430E-03
DAV:   3     0.572846205384E+01    0.35823E-06   -0.78637E-07   340   0.747E-03
   1 F= 0.57284621E+01 E0= 0.57280567E+01  d E =0.121614E-02
