       N       E                     dE             d eps       ncg     rms          rms(c)
DAV:   1    -0.149526056112E+02   -0.14953E+02   -0.13394E-04  2324   0.580E-01    0.725E-03
DAV:   2    -0.149507854970E+02    0.18201E-02   -0.13902E-04  2270   0.604E-01    0.835E-03
DAV:   3    -0.149507838216E+02    0.16754E-05   -0.39207E-06  1888   0.329E-02    0.346E-03
DAV:   4    -0.149507837180E+02    0.10354E-06   -0.35547E-07  1074   0.833E-03
   1 F= -.14950784E+02 E0= -.14951274E+02  d E =0.146995E-02
