       N       E                     dE             d eps       ncg     rms          rms(c)
DAV:   1    -0.130646049618E+02   -0.13065E+02   -0.11193E-04   642   0.384E-01    0.608E-03
DAV:   2    -0.130630504019E+02    0.15546E-02   -0.11588E-04   642   0.399E-01    0.870E-03
DAV:   3    -0.130630488570E+02    0.15450E-05   -0.23829E-06   412   0.213E-02    0.395E-03
DAV:   4    -0.130630487581E+02    0.98843E-07   -0.27570E-07   300   0.497E-03
   1 F= -.13063049E+02 E0= -.13055128E+02  d E =-.237635E-01
