       N       E                     dE             d eps       ncg     rms          rms(c)
DAV:   1    -0.149070419531E+02   -0.14907E+02   -0.13031E-04  2352   0.565E-01    0.818E-03
DAV:   2    -0.149053155646E+02    0.17264E-02   -0.13737E-04  2306   0.590E-01    0.870E-03
DAV:   3    -0.149053137583E+02    0.18063E-05   -0.41257E-06  1978   0.351E-02    0.318E-03
DAV:   4    -0.149053136419E+02    0.11642E-06   -0.42609E-07  1194   0.969E-03
   1 F= -.14905314E+02 E0= -.14905982E+02  d E =0.200574E-02
