       N       E                     dE             d eps       ncg     rms          rms(c)
DAV:   1    -0.144222779656E+02   -0.14422E+02   -0.12456E-04   642   0.446E-01    0.646E-03
DAV:   2    -0.144205849703E+02    0.16930E-02   -0.12855E-04   642   0.464E-01    0.949E-03
DAV:   3    -0.144205831853E+02    0.17850E-05   -0.29820E-06   444   0.250E-02    0.436E-03
DAV:   4    -0.144205830647E+02    0.12063E-06   -0.32421E-07   300   0.609E-03
   1 F= -.14420583E+02 E0= -.14411680E+02  d E =-.267103E-01
