       N       E                     dE             d eps       ncg     rms          rms(c)
DAV:   1    -0.154524417142E+02   -0.15452E+02   -0.37027E-06   872   0.237E-02    0.474E-03
DAV:   2    -0.154522872611E+02    0.15445E-03   -0.39170E-06   872   0.246E-02    0.416E-03
DAV:   3    -0.154522972928E+02   -0.10032E-04   -0.54143E-08   624   0.175E-03    0.182E-03
DAV:   4    -0.154522974570E+02   -0.16422E-06   -0.38515E-09   624   0.321E-04
   1 F= -.15452297E+02 E0= -.15451327E+02  d E =-.291091E-02
