       N       E                     dE             d eps       ncg     rms          rms(c)
DAV:   1    -0.159870188436E+02   -0.15987E+02   -0.44724E-06   888   0.331E-02    0.614E-03
DAV:   2    -0.159868275384E+02    0.19131E-03   -0.47599E-06   920   0.349E-02    0.542E-03
DAV:   3    -0.159868425346E+02   -0.14996E-04   -0.55664E-08   600   0.230E-03    0.256E-03
DAV:   4    -0.159868430538E+02   -0.51920E-06   -0.96199E-09   600   0.486E-04
   1 F= -.15986843E+02 E0= -.15986972E+02  d E =0.386902E-03
