       N       E                     dE             d eps       ncg     rms          rms(c)
DAV:   1    -0.148920021291E+02   -0.14892E+02   -0.13682E-04  2354   0.594E-01    0.824E-03
DAV:   2    -0.148900862243E+02    0.19159E-02   -0.14320E-04  2288   0.619E-01    0.839E-03
DAV:   3    -0.148900844542E+02    0.17701E-05   -0.40077E-06  1912   0.351E-02    0.317E-03
DAV:   4    -0.148900843370E+02    0.11715E-06   -0.42146E-07  1146   0.961E-03
   1 F= -.14890084E+02 E0= -.14890409E+02  d E =0.974393E-03
