       N       E                     dE             d eps       ncg     rms          rms(c)
DAV:   1    -0.145928364582E+02   -0.14593E+02   -0.12226E-04  2334   0.534E-01    0.680E-03
DAV:   2    -0.145913028280E+02    0.15336E-02   -0.12731E-04  2286   0.558E-01    0.861E-03
DAV:   3    -0.145913011858E+02    0.16423E-05   -0.39815E-06  1850   0.318E-02    0.359E-03
DAV:   4    -0.145913010802E+02    0.10560E-06   -0.31120E-07  1128   0.785E-03
   1 F= -.14591301E+02 E0= -.14592356E+02  d E =0.316334E-02
