       N       E                     dE             d eps       ncg     rms          rms(c)
DAV:   1    -0.143704562215E+02   -0.14370E+02   -0.11774E-04  2370   0.520E-01    0.792E-03
DAV:   2    -0.143690107519E+02    0.14455E-02   -0.12484E-04  2322   0.544E-01    0.905E-03
DAV:   3    -0.143690089431E+02    0.18088E-05   -0.41815E-06  1974   0.346E-02    0.317E-03
DAV:   4    -0.143690088232E+02    0.11994E-06   -0.41261E-07  1154   0.942E-03
   1 F= -.14369009E+02 E0= -.14369774E+02  d E =0.229587E-02
