       N       E                     dE             d eps       ncg     rms          rms(c)
DAV:   1     0.160343386913E+03    0.16034E+03   -0.16913E-04   612   0.215E-01    0.501E-03
DAV:   2     0.160346798773E+03    0.34119E-02   -0.17239E-04   612   0.218E-01    0.485E-03
DAV:   3     0.160346799311E+03    0.53850E-06   -0.13096E-06   386   0.618E-03
   1 F= 0.16034680E+03 E0= 0.16034763E+03  d E =-.248909E-02
