       N       E                     dE             d eps       ncg     rms          rms(c)
DAV:   1    -0.147067691490E+02   -0.14707E+02   -0.12962E-04   656   0.497E-01    0.659E-03
DAV:   2    -0.147050274025E+02    0.17417E-02   -0.13326E-04   648   0.517E-01    0.964E-03
DAV:   3    -0.147050255687E+02    0.18338E-05   -0.34379E-06   460   0.282E-02    0.441E-03
DAV:   4    -0.147050254413E+02    0.12747E-06   -0.28924E-07   300   0.656E-03
   1 F= -.14705025E+02 E0= -.14695309E+02  d E =-.291503E-01
