       N       E                     dE             d eps       ncg     rms          rms(c)
DAV:   1     0.107921738147E+04    0.10792E+04   -0.66757E-06   584   0.322E-02    0.428E-03
DAV:   2     0.107921885767E+04    0.14762E-02   -0.68357E-06   598   0.325E-02    0.546E-03
DAV:   3     0.107921885772E+04    0.53925E-07   -0.17992E-07   300   0.189E-03
   1 F= 0.10792189E+04 E0= 0.10792262E+04  d E =-.219991E-01
