       N       E                     dE             d eps       ncg     rms          rms(c)
DAV:   1    -0.205608135444E+01   -0.20561E+01   -0.68044E-05   648   0.224E-01    0.392E-03
DAV:   2    -0.205503459654E+01    0.10468E-02   -0.70470E-05   636   0.234E-01    0.545E-03
DAV:   3    -0.205503398192E+01    0.61462E-06   -0.15427E-06   396   0.112E-02
   1 F= -.20550340E+01 E0= -.20533299E+01  d E =-.511229E-02
