       N       E                     dE             d eps       ncg     rms          rms(c)
DAV:   1     0.762088712823E+03    0.76209E+03   -0.81548E-05   616   0.132E-01    0.160E-03
DAV:   2     0.762096450309E+03    0.77375E-02   -0.79957E-05   616   0.133E-01    0.147E-03
DAV:   3     0.762096450237E+03   -0.71950E-07   -0.12204E-06   372   0.446E-03
   1 F= 0.76209645E+03 E0= 0.76209877E+03  d E =-.695124E-02
