       N       E                     dE             d eps       ncg     rms          rms(c)
DAV:   1    -0.145928364064E+02   -0.14593E+02   -0.12217E-04  2370   0.534E-01    0.807E-03
DAV:   2    -0.145913029757E+02    0.15334E-02   -0.12939E-04  2318   0.559E-01    0.893E-03
DAV:   3    -0.145913011521E+02    0.18236E-05   -0.41445E-06  1990   0.347E-02    0.317E-03
DAV:   4    -0.145913010355E+02    0.11661E-06   -0.42883E-07  1166   0.963E-03
   1 F= -.14591301E+02 E0= -.14592356E+02  d E =0.316355E-02
