       N       E                     dE             d eps       ncg     rms          rms(c)
DAV:   1    -0.149493308693E+02   -0.14949E+02   -0.13552E-04  1324   0.572E-01    0.626E-03
DAV:   2    -0.149474945168E+02    0.18364E-02   -0.14021E-04  1298   0.594E-01    0.864E-03
DAV:   3    -0.149474928281E+02    0.16887E-05   -0.36398E-06  1048   0.306E-02    0.425E-03
DAV:   4    -0.149474927206E+02    0.10752E-06   -0.28828E-07   618   0.708E-03
   1 F= -.14947493E+02 E0= -.14949161E+02  d E =0.500556E-02
