       N       E                     dE             d eps       ncg     rms          rms(c)
DAV:   1     0.193555464207E+02    0.19356E+02   -0.23677E-05   618   0.118E-01    0.219E-03
DAV:   2     0.193559064371E+02    0.36002E-03   -0.24585E-05   618   0.122E-01    0.272E-03
DAV:   3     0.193559065964E+02    0.15929E-06   -0.37181E-07   300   0.467E-03
   1 F= 0.19355907E+02 E0= 0.19356403E+02  d E =-.148837E-02
