       N       E                     dE             d eps       ncg     rms          rms(c)
DAV:   1    -0.149526055725E+02   -0.14953E+02   -0.13375E-04  2372   0.580E-01    0.821E-03
DAV:   2    -0.149507855786E+02    0.18200E-02   -0.14041E-04  2294   0.605E-01    0.854E-03
DAV:   3    -0.149507837947E+02    0.17839E-05   -0.40814E-06  2002   0.351E-02    0.318E-03
DAV:   4    -0.149507836782E+02    0.11643E-06   -0.43606E-07  1152   0.977E-03
   1 F= -.14950784E+02 E0= -.14951274E+02  d E =0.147005E-02
