       N       E                     dE             d eps       ncg     rms          rms(c)
DAV:   1     0.101353923012E+03    0.10135E+03   -0.15391E-03  1740   0.275E-01    0.448E-02
DAV:   2     0.101371305292E+03    0.17382E-01   -0.15843E-03  1740   0.278E-01    0.443E-02
DAV:   3     0.101371317634E+03    0.12342E-04   -0.38453E-05  1650   0.338E-02    0.223E-02
DAV:   4     0.101371318117E+03    0.48263E-06   -0.61413E-07  1038   0.426E-03
   1 F= 0.10137132E+03 E0= 0.10137128E+03  d E =0.122681E-03
