       N       E                     dE             d eps       ncg     rms          rms(c)
DAV:   1    -0.139653822750E+02   -0.13965E+02   -0.11617E-04   642   0.409E-01    0.624E-03
DAV:   2    -0.139637903923E+02    0.15919E-02   -0.12063E-04   648   0.426E-01    0.919E-03
DAV:   3    -0.139637887040E+02    0.16884E-05   -0.25874E-06   428   0.229E-02    0.423E-03
DAV:   4    -0.139637885879E+02    0.11611E-06   -0.30142E-07   300   0.567E-03
   1 F= -.13963789E+02 E0= -.13955614E+02  d E =-.245224E-01
