       N       E                     dE             d eps       ncg     rms          rms(c)
DAV:   1    -0.160269727983E+02   -0.16027E+02   -0.25006E-06  5472   0.126E-02    0.160E-03
DAV:   2    -0.160269317822E+02    0.41016E-04   -0.26249E-06  5520   0.135E-02    0.181E-03
DAV:   3    -0.160269319745E+02   -0.19231E-06   -0.38858E-08  3840   0.116E-03
   1 F= -.16026932E+02 E0= -.16027554E+02  d E =0.186485E-02
