       N       E                     dE             d eps       ncg     rms          rms(c)
DAV:   1    -0.142976542767E+02   -0.14298E+02   -0.14220E-04  2336   0.627E-01    0.858E-03
DAV:   2    -0.142955310160E+02    0.21233E-02   -0.14850E-04  2280   0.652E-01    0.817E-03
DAV:   3    -0.142955292236E+02    0.17924E-05   -0.37465E-06  1924   0.348E-02    0.309E-03
DAV:   4    -0.142955291130E+02    0.11065E-06   -0.39456E-07  1122   0.913E-03
   1 F= -.14295529E+02 E0= -.14295319E+02  d E =-.630846E-03
