       N       E                     dE             d eps       ncg     rms          rms(c)
DAV:   1    -0.156320444371E+02   -0.15632E+02   -0.50998E-06   936   0.302E-02    0.643E-03
DAV:   2    -0.156318391872E+02    0.20525E-03   -0.54616E-06   928   0.316E-02    0.557E-03
DAV:   3    -0.156318532803E+02   -0.14093E-04   -0.70157E-08   632   0.192E-03    0.245E-03
DAV:   4    -0.156318530435E+02    0.23686E-06   -0.55097E-09   616   0.423E-04
   1 F= -.15631853E+02 E0= -.15632165E+02  d E =0.935302E-03
