       N       E                     dE             d eps       ncg     rms          rms(c)
DAV:   1    -0.148156256429E+02   -0.14816E+02   -0.13246E-04   656   0.535E-01    0.651E-03
DAV:   2    -0.148138511357E+02    0.17745E-02   -0.13715E-04   642   0.557E-01    0.100E-02
DAV:   3    -0.148138491184E+02    0.20173E-05   -0.40641E-06   492   0.328E-02    0.473E-03
DAV:   4    -0.148138489910E+02    0.12746E-06   -0.35068E-07   300   0.750E-03
   1 F= -.14813849E+02 E0= -.14803892E+02  d E =-.298710E-01
