       N       E                     dE             d eps       ncg     rms          rms(c)
DAV:   1    -0.147915312991E+02   -0.14792E+02   -0.13194E-04   650   0.520E-01    0.643E-03
DAV:   2    -0.147897675306E+02    0.17638E-02   -0.13622E-04   642   0.541E-01    0.981E-03
DAV:   3    -0.147897655722E+02    0.19584E-05   -0.39925E-06   484   0.313E-02    0.465E-03
DAV:   4    -0.147897654484E+02    0.12379E-06   -0.33767E-07   300   0.720E-03
   1 F= -.14789765E+02 E0= -.14779888E+02  d E =-.296310E-01
