       N       E                     dE             d eps       ncg     rms          rms(c)
DAV:   1    -0.162467822594E+02   -0.16247E+02   -0.22023E-05 15760   0.573E-02    0.139E-02
DAV:   2    -0.162463847345E+02    0.39752E-03   -0.24807E-05 15064   0.619E-02    0.797E-03
DAV:   3    -0.162463822992E+02    0.24352E-05   -0.26958E-07  7776   0.586E-03    0.313E-03
DAV:   4    -0.162463822535E+02    0.45766E-07   -0.60197E-08  6632   0.144E-03
   1 F= -.16246382E+02 E0= -.16246097E+02  d E =-.855171E-03
