       N       E                     dE             d eps       ncg     rms          rms(c)
DAV:   1    -0.159842133647E+02   -0.15984E+02   -0.32627E-06  1936   0.187E-02    0.285E-03
DAV:   2    -0.159841522554E+02    0.61109E-04   -0.35930E-06  1992   0.205E-02    0.389E-03
DAV:   3    -0.159841525865E+02   -0.33118E-06   -0.50330E-08  1280   0.195E-03
   1 F= -.15984153E+02 E0= -.15983721E+02  d E =-.129413E-02
