       N       E                     dE             d eps       ncg     rms          rms(c)
DAV:   1    -0.148920021714E+02   -0.14892E+02   -0.13705E-04  2318   0.594E-01    0.731E-03
DAV:   2    -0.148900861603E+02    0.19160E-02   -0.14206E-04  2282   0.619E-01    0.825E-03
DAV:   3    -0.148900844833E+02    0.16769E-05   -0.38342E-06  1842   0.329E-02    0.347E-03
DAV:   4    -0.148900843764E+02    0.10692E-06   -0.35174E-07  1086   0.827E-03
   1 F= -.14890084E+02 E0= -.14890409E+02  d E =0.974338E-03
