       N       E                     dE             d eps       ncg     rms          rms(c)
DAV:   1    -0.146301737839E+02   -0.14630E+02   -0.12752E-04   650   0.479E-01    0.652E-03
DAV:   2    -0.146284521014E+02    0.17217E-02   -0.13125E-04   642   0.498E-01    0.961E-03
DAV:   3    -0.146284502861E+02    0.18153E-05   -0.32988E-06   460   0.273E-02    0.441E-03
DAV:   4    -0.146284501626E+02    0.12351E-06   -0.27977E-07   300   0.619E-03
   1 F= -.14628450E+02 E0= -.14618845E+02  d E =-.288152E-01
