       N       E                     dE             d eps       ncg     rms          rms(c)
DAV:   1     0.840217797813E+02    0.84022E+02   -0.26576E-05   618   0.108E-01    0.235E-03
DAV:   2     0.840223190978E+02    0.53932E-03   -0.27221E-05   618   0.111E-01    0.244E-03
DAV:   3     0.840223192512E+02    0.15339E-06   -0.30669E-07   300   0.352E-03
   1 F= 0.84022319E+02 E0= 0.84022695E+02  d E =-.112649E-02
