       N       E                     dE             d eps       ncg     rms          rms(c)
DAV:   1    -0.160755731033E+02   -0.16076E+02   -0.42895E-06   896   0.343E-02    0.580E-03
DAV:   2    -0.160754038339E+02    0.16927E-03   -0.45947E-06   936   0.366E-02    0.552E-03
DAV:   3    -0.160754017230E+02    0.21109E-05   -0.45864E-08   600   0.305E-03    0.313E-03
DAV:   4    -0.160754016566E+02    0.66376E-07   -0.12553E-08   600   0.544E-04
   1 F= -.16075402E+02 E0= -.16075309E+02  d E =-.277250E-03
