       N       E                     dE             d eps       ncg     rms          rms(c)
DAV:   1    -0.136461414746E+02   -0.13646E+02   -0.14418E-04  2354   0.643E-01    0.859E-03
DAV:   2    -0.136439072716E+02    0.22342E-02   -0.14980E-04  2298   0.667E-01    0.826E-03
DAV:   3    -0.136439055657E+02    0.17058E-05   -0.34690E-06  1832   0.336E-02    0.305E-03
DAV:   4    -0.136439054406E+02    0.12516E-06   -0.42543E-07  1128   0.945E-03
   1 F= -.13643905E+02 E0= -.13643564E+02  d E =-.102574E-02
