       N       E                     dE             d eps       ncg     rms          rms(c)
DAV:   1    -0.654703734201E+01   -0.65470E+01   -0.73193E-05   648   0.258E-01    0.438E-03
DAV:   2    -0.654594235862E+01    0.10950E-02   -0.76956E-05   642   0.269E-01    0.623E-03
DAV:   3    -0.654594155460E+01    0.80402E-06   -0.14461E-06   380   0.130E-02
   1 F= -.65459416E+01 E0= -.65424130E+01  d E =-.105857E-01
