       N       E                     dE             d eps       ncg     rms          rms(c)
DAV:   1    -0.160301722212E+02   -0.16030E+02   -0.35487E-05  5720   0.763E-02    0.153E-02
DAV:   2    -0.160295356934E+02    0.63653E-03   -0.41955E-05  5784   0.832E-02    0.168E-02
DAV:   3    -0.160295250636E+02    0.10630E-04   -0.47502E-07  2432   0.847E-03    0.948E-03
DAV:   4    -0.160295252044E+02   -0.14080E-06   -0.60388E-08  2400   0.169E-03
   1 F= -.16029525E+02 E0= -.16030467E+02  d E =0.282458E-02
