       N       E                     dE             d eps       ncg     rms          rms(c)
DAV:   1    -0.145738902373E+02   -0.14574E+02   -0.12668E-04   656   0.464E-01    0.654E-03
DAV:   2    -0.145721754566E+02    0.17148E-02   -0.13057E-04   648   0.483E-01    0.961E-03
DAV:   3    -0.145721736411E+02    0.18155E-05   -0.32340E-06   452   0.266E-02    0.435E-03
DAV:   4    -0.145721735162E+02    0.12487E-06   -0.28557E-07   300   0.605E-03
   1 F= -.14572174E+02 E0= -.14562853E+02  d E =-.279603E-01
