       N       E                     dE             d eps       ncg     rms          rms(c)
DAV:   1    -0.158665966243E+02   -0.15867E+02   -0.43983E-06   888   0.313E-02    0.613E-03
DAV:   2    -0.158664127454E+02    0.18388E-03   -0.47067E-06   904   0.330E-02    0.496E-03
DAV:   3    -0.158664265046E+02   -0.13759E-04   -0.55262E-08   600   0.206E-03    0.218E-03
DAV:   4    -0.158664261073E+02    0.39725E-06   -0.65923E-09   600   0.452E-04
   1 F= -.15866426E+02 E0= -.15866792E+02  d E =0.109682E-02
