       N       E                     dE             d eps       ncg     rms          rms(c)
DAV:   1    -0.160366761505E+02   -0.16037E+02   -0.43814E-06   896   0.337E-02    0.620E-03
DAV:   2    -0.160364886539E+02    0.18750E-03   -0.46212E-06   928   0.356E-02    0.561E-03
DAV:   3    -0.160365037327E+02   -0.15079E-04   -0.81460E-08   608   0.256E-03    0.267E-03
DAV:   4    -0.160365043301E+02   -0.59740E-06   -0.14525E-08   600   0.569E-04
   1 F= -.16036504E+02 E0= -.16036557E+02  d E =0.158449E-03
