       N       E                     dE             d eps       ncg     rms          rms(c)
DAV:   1    -0.157186427392E+02   -0.15719E+02   -0.59963E-06   928   0.307E-02    0.693E-03
DAV:   2    -0.157184487980E+02    0.19394E-03   -0.65171E-06   920   0.324E-02    0.600E-03
DAV:   3    -0.157184635257E+02   -0.14728E-04   -0.79088E-08   632   0.225E-03    0.252E-03
DAV:   4    -0.157184640458E+02   -0.52010E-06   -0.85798E-09   624   0.461E-04
   1 F= -.15718464E+02 E0= -.15717751E+02  d E =-.213912E-02
