       N       E                     dE             d eps       ncg     rms          rms(c)
DAV:   1    -0.147824895499E+02   -0.14782E+02   -0.12703E-04  2342   0.551E-01    0.705E-03
DAV:   2    -0.147808545917E+02    0.16350E-02   -0.13228E-04  2280   0.574E-01    0.858E-03
DAV:   3    -0.147808529196E+02    0.16721E-05   -0.40106E-06  1898   0.325E-02    0.352E-03
DAV:   4    -0.147808528134E+02    0.10615E-06   -0.32373E-07  1080   0.806E-03
   1 F= -.14780853E+02 E0= -.14781782E+02  d E =0.278904E-02
