       N       E                     dE             d eps       ncg     rms          rms(c)
DAV:   1    -0.146904756499E+02   -0.14690E+02   -0.13996E-04  2326   0.610E-01    0.720E-03
DAV:   2    -0.146884590004E+02    0.20166E-02   -0.14465E-04  2288   0.634E-01    0.819E-03
DAV:   3    -0.146884573294E+02    0.16710E-05   -0.37475E-06  1852   0.325E-02    0.361E-03
DAV:   4    -0.146884572236E+02    0.10586E-06   -0.36032E-07  1134   0.825E-03
   1 F= -.14688457E+02 E0= -.14688532E+02  d E =0.223515E-03
