       N       E                     dE             d eps       ncg     rms          rms(c)
DAV:   1    -0.136461414520E+02   -0.13646E+02   -0.14474E-04  2304   0.643E-01    0.732E-03
DAV:   2    -0.136439072509E+02    0.22342E-02   -0.14848E-04  2280   0.666E-01    0.825E-03
DAV:   3    -0.136439056578E+02    0.15930E-05   -0.33559E-06  1798   0.310E-02    0.367E-03
DAV:   4    -0.136439055324E+02    0.12549E-06   -0.36294E-07  1104   0.838E-03
   1 F= -.13643906E+02 E0= -.13643564E+02  d E =-.102592E-02
